   9
  10
  16
  19
  16
  19
  17
  16
  16
  29
  22
  29
  29
  11
   7
   7
  27
  28
  27
  28
  29
  29
  28
  29
  29
  11
  16
  28
   9
   6
  24
   6
  14
  19
  34
  32
  32
  34
  34
  31
  30
  29
  29
  29
  29
  32
  27
  27
  28
  28
   6
  29
  29
  28
  28
  28
  29
  30
  29
  20
  32
  29
  37
  30
  30
  35
   8
  24
  30
  27
  28
   6
  27
  30
  23
  31
  29
  31
  29
  29
  28
  14
  20
  28
  30
  32
  27
  29
  33
  12
  27
  27
  26
  29
  29
  33
  30
  30
   6
  23
  23
   6
  29
  32
  28
  29
  33
  29
  30
  27
  29
  28
  33
  28
  28
  28
  29
  27
  30
  28
  28
  32
  33
  34
  33
  34
  33
  35
  34
  34
  34
  33
  32
  32
  33
  34
  33
  32
  35
  34
  31
  33
  31
  34
  33
  29
  31
  33
  32
  32
  11
  32
  32
  29
  29
  28
  30
  29
  29
  11
  33
  34
   8
  29
  29
  31
  29
  27
  27
  28
  30
  29
  29
  30
  28
  29
  28
  29
  27
  28
  30
  28
  27
  28
  39
  28
  27
  26
  29
  29
  27
  29
  30
  29
  29
  29
  26
  28
  28
  27
  11
  29
  28
  28
  27
  30
  28
  28
  28
  28
  28
  30
  29
  29
  28
  28
  30
  28
  30
  29
  28
  29
  26
  30
  28
  30
  29
  28
  28
  29
  30
  29
  31
  28
  29
  29
  29
  28
  27
  29
  29
  29
  28
  13
  28
  28
  29
  30
  28
  29
   9
  29
  30
  29
  31
  30
  29
  34
  27
  11
  32
  29
  35
  28
  30
  29
  28
  29
  27
  28
  28
  27
  28
  29
  28
  28
  26
  29
  30
  27
  28
  28
  27
  29
  30
  29
  29
  27
  28
  27
  29
  28
  30
  28
  30
  31
  11
  12
  28
  34
  11
  30
  33
  31
  33
  28
  31
  28
  29
  31
  18
  32
  38
  28
  28
  28
  40
  34
  28
  31
  29
  29
  28
  27
  27
  37
   8
  27
  28
  30
  28
  30
  29
  24
  28
  31
  29
  27
  29
  30
  34
  28
  31
  29
  30
  28
  28
  30
  28
  29
   8
  30
  28
  29
  29
  29
  29
  29
  27
  29
  28
  29
  29
  30
  29
  28
  31
  29
  29
  29
  29
  29
  28
  30
  27
  28
  27
  28
  30
  28
  27
  29
  28
  28
  29
  30
  28
  29
  29
  29
  27
  30
  30
  29
  28
  28
  27
   6
  30
  28
   7
  28
  27
  29
   7
  32
  32
   6
  30
  28
  28
  20
  29
  28
  28
   7
  29
  29
  28
  29
  29
  29
  29
  29
  27
  32
  28
  30
  27
  34
  29
  28
  38
  18
  18
  28
  29
  28
  28
  29
  32
  29
  27
  29
  28
  29
  29
  29
  31
  27
   9
  29
  30
  29
  29
  29
  31
  29
  27
   9
  29
  28
  28
  28
  27
  29
  29
  29
  29
  29
  28
  29
  28
  28
  29
  28
  28
  27
  29
  29
  29
   8
  27
  28
  28
  34
  31
  29
   8
   8
  72
   9
   8
  28
  30
  30
   6
  26
  28
  27
  31
  29
  30
  28
  29
  28
  19
   8
   6
   7
  14
  26
  27
  30
  29
  28
  28
   6
   5
  29
  32
  27
  26
  30
  27
  27
  28
  27
  27
  28
  29
  28
  28
  30
  30
  29
  32
  19
  25
  27
  29
  29
  29
  28
  29
  28
  28
  28
  29
  27
  11
  30
  29
  28
  30
  29
  28
  28
  30
   9
  29
  34
  30
  32
  27
  29
  29
  27
  27
  28
  30
   6
  29
  33
  29
   9
  34
  32
  31
  34
  31
  33
  13
  28
  29
  29
  32
  35
  32
  30
  31
  28
  28
  28
  28
  29
  32
  15
  32
  37
   7
  37
  29
  30
  29
   6
  29
  29
  27
  30
  29
  28
  29
  27
  30
  31
  28
  28
  27
  18
  29
  28
  28
  29
  29
  30
  30
  27
  29
  28
  28
  30
  28
  29
  26
  29
  40
  29
  37
  28
  27
  27
  29
  28
  30
  29
  37
  37
  28
  27
   8
  19
  28
   6
  28
  32
  29
  28
   8
  27
   6
  28
  28
  29
  29
  29
  31
  28
  28
  19
  22
  28
  28
  27
  24
  15
  26
  26
  28
  27
  29
  28
  28
  29
  27
  28
  29
  29
  28
  28
  29
  27
  29
  29
  29
  28
  29
  28
  29
  28
   8
  28
  29
  28
  26
  28
  29
  28
  28
  29
  31
  29
  30
  33
  30
  28
  29
  27
  28
  29
  30
  29
  27
  27
  28
  27
  29
  28
  27
  28
  29
  29
  29
  28
  27
   6
  29
  29
  29
  28
  35
  32
  33
  33
  32
  29
  29
  28
  32
  33
  10
  33
  31
  34
  28
  30
  33
  32
  10
   8
   6
   8
   9
  33
  30
  28
  29
  15
  22
  11
  30
  34
  17
  35
   9
   8
  32
  19
  20
  27
  30
  30
  27
  28
  23
   6
  15
  17
  20
  29
  28
  28
  27
   6
  10
  10
  29
  28
  30
  28
   6
  30
  29
  28
  26
  29
  32
  33
  31
  31
  35
  26
  29
  29
  28
  28
   6
  27
  23
  63
  12
  30
  28
  27
  28
  29
  28
  28
  27
  28
  28
  29
  29
  28
  29
  27
  29
  29
   6
  30
  31
  27
  30
  27
  32
  29
  29
  28
  31
   6
   9
  32
  30
  29
  19
  28
  33
  30
  29
   9
  29
  28
  29
  29
  30
  28
  29
  31
  28
  30
  28
  27
  18
  24
  28
  31
  28
  28
  29
  28
  11
  30
  29
  16
  27
   7
  13
  32
  32
  10
  34
  29
  30
  28
  32
  29
  28
  28
   6
  28
  12
  29
  29
  28
  29
  28
  29
  28
  28
  31
  28
  28
  34
  39
  28
  30
  27
  28
  28
   6
  29
  27
  41
  29
  28
  29
  29
   6
  29
  27
  28
  30
  27
  31
  30
  28
  28
  28
  28
   6
  27
  28
  28
  28
  28
  28
  29
   6
  27
  29
   9
  29
  28
  29
  28
  27
  28
  29
  29
  29
  34
  29
  28
  29
  28
  29
   8
  28
  29
  28
  29
  28
  32
  28
  31
   9
  29
  29
  29
  32
   6
  29
  28
  29
  30
  30
  14
   6
  27
  28
  19
  26
  12
   9
  12
  10
  14
  14
   9
  14
