  24
  80
  95
  94
  82
 103
 110
  98
  93
 126
  20
  45
  69
  73
 105
  69
  74
  70
 116
  66
  62
  78
  24
  24
  31
  26
 114
  23
  96
  66
 101
  85
  84
  67
  21
  65
  16
  92
  16
 103
  66
  67
  62
  53
  67
  66
  65
  65
  25
  81
  21
  65
  66
  67
  84
  65
  64
  66
  65
  67
  67
  68
  67
  73
  80
  68
  66
  66
  83
  64
  66
  65
  65
  67
  86
  65
  67
  65
  78
  91
  66
  65
  68
  66
  67
  67
  71
  66
  65
  66
  73
 104
  65
  65
  66
  66
  64
  66
  65
  66
  21
  66
  66
 100
  65
  66
  98
 103
  66
  22
 105
  91
  67
  65
  65
  65
  68
  65
  64
  65
  67
  65
  66
  65
  64
  66
  66
  65
  68
  66
  67
  66
  66
  66
  67
  68
  66
  64
  67
  66
  66
  66
  67
  67
  66
  65
  65
  65
  26
  66
  22
  66
  65
  66
  66
  67
  64
  65
  67
 100
  66
  72
  68
  63
  66
  66
  79
  67
  76
  72
  66
  92
  73
  67
  66
 105
  67
  65
  66
  67
  66
  66
  66
  65
  66
  65
  73
  66
  75
  65
 103
  17
  65
  75
  77
  66
  66
  66
  66
  70
  22
  65
  75
  73
  84
  67
  72
  79
  67
  65
  80
  67
  67
  66
  66
  66
  77
  66
  66
  87
  65
  66
  67
  83
  66
  67
  65
  67
  66
  67
  67
  67
  65
  65
  65
  66
  71
  65
  65
  67
  67
  66
  67
  65
  65
  65
  71
  67
  89
  75
  24
  73
  67
  66
  77
  65
  67
  76
  66
  65
  68
  65
  65
  79
  66
  66
  65
  81
  64
  66
  67
  65
  92
  67
  66
  67
  94
  74
  66
  66
  66
  75
  66
  65
  64
  65
  71
  72
  72
  70
  72
  71
  75
  68
  65
  67
  76
  67
  72
  88
  29
  67
  66
  65
  93
  67
  75
  66
  65
  73
  72
  69
  69
  69
  72
  67
  65
  74
  72
  73
  74
  83
  74
  73
  75
  78
  63
  65
  95
 107
  68
  82
  68
  71
  88
  76
  70
  67
  72
  76
  87
  77
  75
  75
  66
  65
  66
 106
  68
  75
  31
  67
  65
  66
  37
  57
  65
  69
  64
  71
  66
  68
  64
  66
  65
  70
  65
  67
  76
  75
  66
  64
  66
  65
  65
  66
  79
  65
  73
  87
  66
  70
  79
  76
  74
  84
  75
  72
  73
  75
  73
  71
  72
  71
  78
  71
  77
  71
  75
  72
  24
  69
  72
  73
  73
  75
  76
  72
  71
  74
  77
  67
  64
  67
  66
  65
  75
  64
  65
  67
  67
  66
  64
  80
  73
  92
 104
  65
  66
  65
  64
  71
  64
  65
  67
  75
  96
  26
  66
  65
  64
  66
  85
  66
  66
  66
  65
  65
  66
  67
  29
  75
  81
  77
  66
  67
  65
  65
  93
  74
  74
  77
  75
  74
  74
  76
  84
  79
  75
  76
  73
  75
  86
  87
  73
  66
  64
  66
  65
  66
  65
  67
  68
 105
  67
  66
  65
  66
  87
  67
  79
  66
  65
  67
  67
  67
  14
  65
  84
  66
  29
  66
  86
  66
  67
  67
  68
  66
  65
  66
  65
  66
 101
  67
  65
  67
  66
  68
  99
  36
  78
  75
  65
  94
  74
  65
  65
  65
  66
  65
  67
  64
  65
  66
  67
  65
  66
  67
  67
  66
  68
  77
  66
  64
  64
  66
  65
  63
  67
  67
  46
  65
  67
  81
  64
  66
  93
  67
  64
  67
  65
  66
  66
  65
  66
  65
  66
  67
  79
  66
  66
  65
  66
  64
  67
  67
  66
  67
  66
  65
  67
  66
  65
  66
  66
  80
  85
  65
  67
  65
  67
  65
  74
  74
  79
  65
  14
  84
  79
  68
  26
  67
  70
  75
  75
  71
  66
  84
  67
  66
  68
  74
  65
  82
  78
  79
  65
  67
  68
  68
  96
  71
  70
  77
  70
  69
  72
  73
  94
  73
  67
  67
  75
  65
  67
  65
  67
  65
  67
  66
  66
  68
  66
  67
  66
  66
  74
  76
  68
  65
  29
  65
  68
  69
  65
  66
  65
  65
  66
  68
  66
  65
  65
  66
  67
  66
 104
  66
  67
  65
  65
  67
  65
  67
  65
  66
  77
  65
  67
  63
  66
  66
 102
  21
  65
  67
 101
  65
  64
  65
  65
  80
  68
  65
  91
  65
  76
  65
  67
  68
  86
  66
  67
  74
  65
  75
  65
  67
  90
  65
  66
  66
  67
  66
  66
  65
  68
  65
  66
  79
  74
  73
  79
  80
  74
  79
  66
  70
 102
  67
  67
  66
  66
  67
  64
  67
  67
 102
  76
  86
  78
  73
  73
  85
  74
  73
  73
  71
  72
  82
  28
  73
  66
  98
 110
  68
  65
  66
  70
  75
  68
  93
  81
  93
 100
  33
  63
  76
  86
  91
  65
  67
  64
  68
  64
  75
  67
  74
  65
  66
  68
  66
  66
  66
  94
  75
  74
  66
  66
  71
  69
  76
  73
  69
  70
  82
  73
  83
  73
  70
  27
  75
  67
  69
  67
  68
  64
  66
  64
  66
  78
  66
  80
  75
  75
  73
  89
  66
  66
  76
  83
  67
  66
  68
  67
  70
  68
  67
  66
  68
  70
  67
  77
  65
  65
  66
  74
  66
  94
  64
  66
  65
  66
  67
  67
  65
  94
  34
  64
  74
  44
  67
  67
  65
  65
  65
  67
  65
  66
  66
  83
  65
  67
  66
  75
  66
  78
  67
  79
  64
  92
  66
  65
  70
  65
  67
  80
  67
 101
  93
  70
  68
  76
  66
  72
  65
  70
  73
  94
  91
  75
  78
  77
  80
  74
  65
  67
  67
  67
  75
  29
  82
  65
  73
  75
  76
  67
  66
  66
  65
  65
  67
  65
  75
  75
  73
  82
  70
  75
  66
  68
  75
  67
  66
  64
  74
  68
  65
 106
  17
  66
 100
  65
  70
  66
  66
  66
  69
  66
  66
  66
  67
  69
  77
  66
  79
  74
  65
  75
  85
  51
  73
  73
  75
  72
  65
  67
  65
  66
  75
  77
  74
  75
  74
  65
  82
  74
  85
  75
  75
  67
  66
  90
  74
  79
  77
  87
  65
  65
  75
  65
  17
  76
  79
  68
  73
  75
  75
  77
  72
  72
  66
  66
  65
  65
  66
  67
  67
  69
  64
