   8
  33
  24
  34
  26
  10
  34
  48
  33
  41
  20
  33
  34
  35
  42
  15
   7
  11
  53
  16
  40
  22
  32
  31
  34
  11
  36
  32
  33
   7
  34
  35
  33
  33
  35
  34
   7
  37
  30
  32
  30
  30
  33
  33
  33
  33
  34
  40
  15
   8
  14
  52
  11
   9
  10
  36
  10
  24
  46
  26
  22
  35
  14
  39
  19
  18
  36
  36
  12
  14
  44
  11
  36
  50
  33
  29
  39
  35
  33
  35
  38
  33
  32
  15
  32
  13
  43
  37
  16
  33
  21
  34
  33
  35
  30
  33
  11
  36
  36
  14
  12
  34
  32
  11
  33
  43
  16
  44
  41
  30
  18
  20
  35
  17
  31
  21
   8
  34
  12
  36
  35
  34
  32
  35
  31
  33
  32
  34
   7
  48
   8
  42
  15
  35
   7
  35
  44
  32
  13
  34
  33
  13
  10
  34
  34
  34
  36
  38
  32
  41
   9
  33
  32
  36
  35
  34
  14
  12
  33
  32
  38
  36
  15
  32
  44
  33
  23
  34
  77
  35
  33
  44
  32
  34
  36
  72
  34
  36
  36
  33
  34
  41
  33
  34
  36
  71
  35
  31
  32
  36
  32
  33
  36
  31
  34
  32
  34
  33
  34
  25
  24
  24
  25
   6
  25
  24
  19
   7
  27
  34
  33
  32
  34
  73
  40
  37
  34
   6
  33
  36
  31
   8
  60
  45
  37
  35
  32
  42
  31
  37
  39
  29
  35
  32
  44
  13
  44
  37
  39
  34
  43
  45
  31
  33
  34
  34
  32
  33
  31
  34
   9
  34
  32
  32
  32
  37
  32
  34
  33
  31
  30
  34
  32
  35
  33
  33
  33
  32
  38
  33
  35
  33
  42
  40
  39
  43
  33
  35
  34
  32
  34
  29
  34
  43
  46
  43
  43
  47
  43
  42
  42
  43
  42
  40
  43
  40
  41
  32
  34
  32
   9
  33
  32
  33
  33
  37
  41
  42
  42
  42
  41
  42
  44
  42
  40
  40
  43
  36
  33
  34
  35
  35
  34
  32
  38
  32
  35
  32
  41
  44
  41
  33
  36
  34
  37
  32
  32
  35
  34
  36
   7
  33
  45
  42
  43
  44
  39
  46
  40
  42
  11
  31
  34
  32
  33
  31
  31
  33
  33
  31
  35
  30
  35
  23
  33
  32
  32
  36
  32
  34
  34
  35
  32
  35
  34
  43
  36
  35
  33
  48
  35
  39
  33
  36
  32
  44
  42
  41
  56
  34
  37
  35
  32
  33
  31
  33
  35
  31
  35
  34
   9
  31
  32
  36
  34
  44
  32
  35
  31
  36
  33
  34
  37
  34
  32
  35
  37
  36
  41
  43
  42
  44
   8
  39
  44
  37
  45
  32
  47
   8
  43
  44
  42
  41
  41
  43
  44
  41
  42
  42
  37
  41
  47
  43
  36
  44
  12
  36
  31
  33
   9
  31
  34
  35
  33
  35
  31
  29
  29
  32
  34
  32
  32
  35
  36
  34
  34
  32
  33
  34
  31
  35
  32
  34
  34
  33
  33
  35
  31
   8
  32
  35
  28
  35
  34
  33
  32
  36
  34
  45
  33
  34
  31
  33
  43
  34
  31
  33
  33
  34
  12
  32
  29
  34
  32
  36
  35
  35
  34
  40
  30
  48
  31
  33
  32
  34
  34
  34
  30
  32
  34
  31
  33
  35
  35
  34
  33
  44
  13
  34
  33
  37
  31
  33
  34
  30
  33
  35
  31
  35
  33
  34
  33
  31
  34
  32
  33
  31
  35
  33
  10
  36
  33
  31
  31
  46
  41
  41
  39
  40
  43
  41
  37
  29
  30
  39
  50
  32
  35
  33
  33
  35
  30
  35
  32
  31
  34
  37
  32
  35
  34
  43
  37
  46
  32
  45
  34
  34
  31
  32
  35
  34
  65
  35
  36
  34
  30
  32
  32
  34
  10
  30
  33
  32
  34
  33
  30
  35
  37
  49
  12
  35
  35
  33
  31
  32
  34
  36
  28
  30
  36
  48
  34
  39
  40
  44
  41
  45
  41
  41
  36
  39
  32
  36
  35
  33
  37
  33
  33
  37
  40
  42
  41
  40
  38
  45
  36
  46
  36
  34
  11
  37
  31
  33
  35
  33
  34
  34
  34
  32
  32
  34
  34
  39
  36
  40
  39
  41
  39
  41
  38
  38
  44
  44
  43
  41
  42
  43
  44
  43
  34
  38
  42
  33
  32
  34
  47
  36
  35
  35
  44
   6
  33
  33
  35
  33
  33
  29
  34
  34
   8
  30
  35
  34
  32
  34
  47
  41
  43
  55
  41
  45
  33
  32
  45
  34
  35
  33
  37
  32
  43
  43
  43
  42
  42
  40
  41
  45
  35
  33
  43
  18
  31
  35
  34
  33
  29
  35
  35
  34
  46
  34
  35
  36
  33
  31
  36
  29
  43
  38
   9
  29
  34
  34
  39
  34
  33
  33
  34
  34
  34
  32
  32
  41
  42
  39
  33
  32
  37
  33
  45
  46
  39
   9
  34
  32
  36
  37
  37
  29
  32
  30
  37
  35
  33
  37
  31
  34
  31
  49
  32
  33
  32
  33
  34
  32
  35
  34
  34
  32
   9
  33
  32
  36
  30
  33
  35
  50
  34
  34
  33
  35
  34
  33
  31
  33
  31
  35
  33
  35
  31
  29
  33
  31
  34
  38
  32
  33
  32
  35
  33
  33
  35
  36
  38
  33
  35
  35
  30
  34
  33
  34
  40
  31
  37
  29
  34
  36
  34
  33
   9
  35
  36
  32
  35
   7
  33
  35
  32
  34
  31
  34
  35
  36
  35
  40
  37
  42
  33
  36
  34
  32
  42
  32
  34
  47
  32
  31
  36
  32
  32
  32
  34
  45
  33
  36
  31
  31
  33
  32
  34
  35
  32
  31
  34
  36
  34
  36
  35
  32
   9
  33
  33
  36
  36
  36
  36
  37
  33
  35
  34
  34
  33
  31
  33
  39
  44
  34
  32
  33
  35
  33
  31
  35
  33
  35
  34
  40
  39
  36
  33
  34
  35
  32
  33
  33
  45
   9
  40
  47
  42
  43
  39
  47
  42
  34
  33
  33
  36
  36
  13
  43
  43
  45
  44
  40
  43
  40
  44
  41
  34
  30
  32
  32
  32
   7
  33
  34
  36
  31
  37
  33
  33
  33
  31
  33
  34
  34
  34
  35
  31
  34
  32
  36
  31
  33
  34
  34
  31
  32
  36
  34
  34
  32
  34
  37
  35
  34
  32
  35
