  52
 144
  55
  66
  49
  93
 157
 160
 145
 159
  55
 154
 147
  51
  40
 157
  48
 151
 186
  51
 165
  96
 147
  67
 148
 147
  37
  50
 143
 144
 205
 145
 145
 148
 145
 148
 155
 141
 157
 148
 148
 160
 149
 186
 147
 159
  62
 154
 158
 146
  60
 157
 148
 159
 159
 149
 157
 148
 155
 147
 150
 150
 167
 143
 157
 155
 157
 158
 149
 159
 163
 154
 158
 161
 161
 159
 174
 185
 158
 149
 154
 170
 160
 161
 163
 148
 148
 145
 165
 166
 164
 167
 177
 169
 169
 146
 148
 158
 162
 151
  57
 172
 165
 157
 148
 196
  71
 149
 148
 150
 147
 149
 146
 144
 149
 160
 155
 144
 149
 147
 147
 145
 158
 146
 144
 164
 164
 151
 151
 148
 155
 167
 156
 154
 156
 157
 155
 147
 146
 148
 146
 157
 143
 148
 147
 148
  73
 152
 147
 152
  49
 146
 150
 156
 143
 158
 154
 147
 154
 150
 196
 164
 158
 144
 170
 156
 169
 171
 169
 157
 161
 162
 164
 160
 167
 168
 174
 165
 159
 160
 161
 194
 145
 147
 146
 143
 145
 149
  35
 150
 153
 152
 150
 147
 150
 161
 149
 151
 145
 160
  60
 145
 148
 159
 165
 145
 152
 146
 149
 148
  32
 144
 146
 149
 146
 164
 149
 148
 148
 146
  81
 144
 165
 159
 145
 151
 144
 151
 143
 148
 162
 146
 171
 149
 147
 149
 151
 174
 147
 143
 147
 148
 145
 147
 145
 145
 147
 148
 149
 163
  58
 150
 156
 161
 171
 172
 176
 178
 176
 184
 167
 165
 159
 149
 146
 150
 148
 144
 149
 145
  36
 149
 162
 149
 158
 147
 147
 148
 153
 146
 151
 146
 146
 146
 150
 150
 147
 146
 150
 147
 146
 154
 147
 160
 143
 148
 150
 151
 176
 172
  61
 178
 168
 146
 150
 145
 148
 147
 143
 146
 148
 143
 151
 150
 166
 165
 164
 163
 151
 147
 143
 153
 148
 151
 160
 162
 156
 161
 157
 158
 145
 163
 146
 149
 148
 145
 149
 151
 144
 145
 149
 153
 163
 151
 145
 147
  58
 148
 142
 155
  60
  49
 154
 160
 149
 144
 152
 146
 159
  79
 156
 179
 106
 156
 167
 170
 180
 177
 148
 159
 147
 173
 153
 155
 164
 149
 149
 162
 146
 151
 143
 145
 150
 161
 159
 149
 159
 164
 169
 159
 163
 162
 176
 159
 160
 148
 143
 145
 146
 149
  60
 148
 150
 155
 172
 158
 157
 147
 158
 151
 149
 149
 165
 163
 163
 183
 166
 165
 173
 166
 170
 170
 184
 176
 184
 162
 143
  35
 142
 149
 146
 148
 160
  73
 105
 156
 147
 145
 145
 151
 172
 146
 157
 146
 148
 149
  59
 148
 144
 147
  49
 147
 145
 158
 162
 141
 144
 157
 149
 156
 154
 156
 147
 159
 151
 166
 167
 171
 153
 157
 158
 167
 144
 162
 174
 185
 154
 170
 157
 162
 157
 151
 149
 149
 146
 147
 162
 158
 151
 172
  49
 159
 159
 156
 144
 150
 147
  75
 144
 164
  61
 144
 150
 148
 149
 151
 153
 146
 143
 155
 146
 150
 146
 145
 146
  78
 100
 160
 157
 159
 168
 166
 150
 149
 156
 150
 173
 175
 167
 167
 162
 162
 166
 182
 165
 145
 153
 147
 154
 156
 151
 149
 147
 159
 171
 152
 156
 158
 150
 159
  63
 146
 148
 146
 148
 147
 149
 156
 144
 158
 203
 165
 148
 149
 148
 146
 145
 149
 145
 154
 147
 146
 154
 157
 154
 147
 147
 148
 147
 159
 149
 151
 147
 148
 143
 147
 145
 144
 146
 145
 146
 147
 145
 147
 151
 145
 147
 123
 155
 145
  48
 148
 146
 145
 147
 165
 145
 156
 157
 145
 150
 147
 144
 147
 145
 145
 169
 156
 146
 145
 144
 145
 150
 147
 145
 165
 154
 156
 149
 147
 152
 167
 168
 194
 176
 176
 172
 178
 190
 164
 151
 144
 147
 146
 158
 149
 149
 148
 145
 152
 148
 147
 147
 149
 146
 157
 145
 152
 159
 157
 159
 151
 158
 154
 166
 163
 174
 175
 165
 169
 178
 172
 161
 171
 159
 179
  92
 181
 170
 178
  73
 144
 143
 147
 155
 162
 156
 146
 146
 148
 150
 149
 147
 149
 146
 148
 159
 146
 154
 147
  60
 157
 163
 151
 142
 149
 145
  30
 155
 149
 143
 143
 161
 157
 162
 159
 158
 156
 162
 162
 161
 162
 147
 162
 155
 165
 157
 159
 159
 144
 172
 155
 156
 164
 146
 164
 166
 150
 146
 150
 169
 146
 149
 193
 170
 174
  66
 169
 166
 159
  64
 160
 149
 177
 161
 165
 160
 162
 155
 187
 157
 160
  42
 178
 160
 159
 160
 164
 156
 160
 163
 163
 161
 153
 158
 159
 158
 159
 171
 164
 149
 156
 147
 151
 146
 161
 154
 147
 159
 150
 147
 149
 167
 165
 159
 151
 143
 147
 164
 145
  58
 143
 148
 149
 148
 145
 148
 148
 173
 142
 147
 155
 149
 147
 147
 148
 154
 149
 150
 145
 150
 179
 147
 143
 147
 146
 169
 169
 153
 159
 162
 159
 149
 152
 156
 145
 146
 148
 158
 142
 165
 153
 157
 154
  40
 158
 159
 160
 155
 165
  62
 160
 161
 160
 157
 158
 164
 158
 158
 154
 178
 161
 155
 158
 148
 146
 159
 147
 157
 148
 147
 146
 165
 147
 155
 145
 168
 148
 149
 149
 148
 182
 177
 144
 145
 148
 162
 162
 179
 162
 161
 155
 160
 159
 155
 161
 161
 160
 155
 157
  62
 157
 153
 158
 177
 185
 161
 162
 157
 190
 179
 163
 154
 154
 154
 159
 157
 156
 160
 153
 141
 147
 150
 144
 149
 156
  44
 179
 177
  43
 148
 143
 147
 151
 147
 149
 144
 147
 147
 150
 147
 151
 150
 149
 146
 195
 145
 148
 151
 143
  48
 148
 145
 148
 147
 148
 148
 148
 154
 139
 215
 151
 150
 149
 149
 146
 144
 147
 163
 161
 155
 159
 159
 147
 148
 147
 150
 148
 142
 173
 144
 159
 151
 149
 149
 144
 151
 150
 154
 148
 154
 143
 144
 151
 148
 149
 148
 149
 147
 164
